____127____
[1, 1, 1, 1, 1, 1, 1, 1]
[1, 1, 1, 1, 1, 1, 1, 1]
____304____
[6267, 1, 7412, 1, 1, 1, 7997, 7940]
[5665, 1, 6632, 1, 1, 1, 7140, 7094]
____320____
[7444, 1462, 1, 17, 1, 1, 7997, 7985]
[6676, 1380, 1, 155, 1, 1, 7140, 7118]
____339____
[1, 1, 1, 1, 1, 1, 7995, 7995]
[1, 1, 1, 1, 1, 1, 7137, 7137]
____352____
[1, 4951, 10, 1, 1, 1, 1, 4951]
[3, 4208, 9, 3, 1, 1, 1, 4207]
____356____
[1, 1, 7994, 7994]
[1, 1, 7137, 7137]
____544____
[5336, 4329, 738, 4709, 130, 6249, 2, 7994]
[4798, 3749, 693, 138, 5, 5650, 1, 7137]
____593____
[2084, 3, 7995, 7602, 1, 404, 2616, 43]
[826, 7, 7138, 6939, 1, 610, 2807, 15]
____688____
[2022, 1, 92, 1, 7995]
[1465, 1, 7, 1, 7138]
____832____
[1, 1, 1, 1, 7996, 1, 7996, 1]
[1, 1, 1, 1, 7134, 1, 7134, 1]
____881____
[971, 1, 1, 1, 1, 1, 1, 1]
[88, 1, 1, 1, 1, 1, 1, 1]
____882____
[1, 1, 1, 1, 1, 1, 1, 1]
[1, 1, 1, 1, 1, 1, 1, 1]
____897____
[1, 208, 23, 1, 1, 3998, 3998, 1]
[1, 321, 11, 1, 1, 3569, 3569, 1]
____902____
[1, 3998, 1, 1000, 1, 1, 1, 1]
[1, 3569, 1, 893, 1, 1, 1, 1]
____903____
[1, 1, 1, 1, 1, 3998, 3998, 1]
[1, 1, 1, 1, 1, 3569, 3569, 1]
____916____
[2725, 3998, 1, 1, 2725, 548, 3361, 1]
[2373, 3568, 1, 1, 2373, 525, 2992, 3]
____1040____
[1, 1, 1, 1, 1, 1, 1, 1]
[1, 1, 1, 1, 1, 1, 1, 1]
____1042____
[1, 1, 1, 1, 1, 1, 1, 1]
[1, 1, 1, 1, 1, 1, 1, 1]
____1078____
[1, 1, 1, 1]
[1, 1, 1, 1]
____1136____
[3197, 1599, 1624, 2121, 1599, 3997, 1600, 1]
[2855, 1428, 1442, 2418, 1427, 3569, 1447, 1]
____1151____
[1, 1, 1, 1, 1, 1]
[1, 1, 1, 1, 1, 1]
____1157____
[1, 1, 1, 1]
[1, 1, 1, 1]
____1168____
[1, 1, 1, 1, 1, 1, 1]
[1, 1, 1, 1, 1, 1, 1]
____1173____
[1, 1, 1, 1, 1, 1, 1, 1]
[1, 1, 1, 1, 1, 1, 1, 1]
____1191____
[1, 1, 0, 0, 0, 0, 0, 0]
[1, 1, 0, 0, 0, 0, 0, 0]
____1225____
[1, 1, 1, 1, 1, 1, 1, 1]
[1, 1, 1, 1, 1, 1, 1, 1]
____1265____
[2501, 1, 1, 4000]
[2232, 1, 1, 3571]
____1280____
[1]
[1]
____1287____
[1, 1, 1, 1]
[1, 1, 1, 1]
____1291____
[1, 1, 1, 1, 1, 1, 1, 1]
[1, 1, 1, 1, 1, 1, 1, 1]
____1292____
[1, 1, 1, 1, 1, 1, 1, 800]
[1, 1, 1, 1, 1, 1, 1, 714]
____1294____
[1, 1, 1, 1, 1, 1, 1, 1]
[1, 1, 1, 1, 1, 1, 1, 1]
____1312____
[1, 1, 1, 1, 1, 1, 1, 1]
[1, 1, 1, 1, 1, 1, 1, 1]
____1322____
[1, 1, 1, 1, 1, 1, 1, 1]
[1, 1, 1, 1, 1, 1, 1, 1]
____1342____
[1, 1, 1, 1, 1, 1]
[1, 1, 1, 1, 1, 1]
____1345____
[1, 1, 1, 1, 1, 1, 1, 1]
[1, 1, 1, 1, 1, 1, 1, 1]
____1348____
[1, 1, 1, 1, 1, 1, 1, 1]
[1, 1, 1, 1, 1, 1, 1, 1]
____1355____
[1, 1, 1, 1, 1, 1, 1, 1]
[1, 1, 1, 1, 1, 1, 1, 1]
____1363____
[1, 1, 1, 1, 1, 1, 1, 1]
[1, 1, 1, 1, 1, 1, 1, 1]
____1369____
[1, 1, 1, 1, 1, 1, 1, 1]
[1, 1, 1, 1, 1, 1, 1, 1]
____1407____
[1, 1, 1, 1, 1, 1, 1, 1]
[1, 1, 1, 1, 1, 1, 1, 1]
____1419____
[1, 1, 1, 1, 1, 1, 1, 1]
[1, 1, 1, 1, 1, 1, 1, 1]
____1426____
[1, 1, 1, 1, 1, 1, 1, 799]
[1, 1, 1, 1, 1, 1, 1, 713]
____1427____
[1, 1, 1, 1, 1, 1]
[1, 1, 1, 1, 1, 1]
____1429____
[1, 1, 583, 1, 1, 1, 1, 1]
[1, 1, 564, 1, 1, 1, 1, 1]
____1430____
[1, 1, 1, 1, 417, 1, 1, 1]
[1, 1, 1, 1, 327, 1, 1, 17]
____1456____
[1, 1, 1, 1]
[1, 1, 1, 1]
____1470____
[1, 1, 1, 1, 1, 1, 1, 1]
[1, 1, 1, 1, 1, 1, 1, 1]
____1473____
[1, 1, 1, 1, 1, 1, 1, 1]
[1, 1, 1, 1, 1, 1, 1, 1]
____1507____
[1, 1, 1, 1, 1, 1, 1, 1]
[1, 1, 1, 1, 1, 1, 1, 1]
____1535____
[1, 1, 1, 1, 1, 1, 1, 1]
[1, 1, 1, 1, 1, 1, 1, 1]
